A||Amaj=0,0,2,2,2,0
A||Amaj=0,4,-1,2,5,0
A||Amaj=5,7,7,6,5,5
A||Amaj=-1,0,2,2,2,0
A||Amaj=-1,4,7,-1,-1,5
A #5||Aaug=-1,0,3,2,2,1
A #5||Aaug=-1,0,-1,2,2,1
A/Ab=-1,0,2,1,2,0
A/B=0,0,2,4,2,0
A/B=-1,0,7,6,0,0
A/D=-1,0,0,2,2,0
A/D=-1,-1,0,2,2,0
A/D=-1,-1,0,6,5,5
A/D=-1,-1,0,9,10,9
A/G=3,-1,2,2,2,0
A/G=-1,0,2,0,2,0
A/G=-1,0,2,2,2,3
A/Gb=0,0,2,2,2,2
A/Gb=0,-1,4,2,2,0
A/Gb=2,-1,2,2,2,0
A/Gb=-1,0,4,2,2,0
A/Gb=-1,-1,2,2,2,2
A5||A(no 3rd)=5,7,7,-1,-1,5
A5||A(no 3rd)=-1,0,2,2,-1,0
A5||A(no 3rd)=5,7,7,-1,-1,0
A6=0,0,2,2,2,2
A6=0,-1,4,2,2,0
A6=2,-1,2,2,2,0
A6=-1,0,4,2,2,0
A6=-1,-1,2,2,2,2
A6/7=0,0,2,0,2,2
A6/7 sus||A6/7,sus4=5,5,4,0,3,0
A6/7 sus||A6/7,sus4=-1,0,2,0,3,2
A7||Adom 7=3,-1,2,2,2,0
A7||Adom 7=-1,0,2,0,2,0
A7||Adom 7=-1,0,2,2,2,3
A7(#5)=1,0,3,0,2,1
A7/add11||A7/11=-1,0,0,0,2,0
A7sus4=-1,0,2,0,3,0
A7sus4=-1,0,2,0,3,3
A7sus4=-1,0,2,2,3,3
A7sus4=5,-1,0,0,3,0
A7sus4=-1,0,0,0,-1,0
Aadd9||A2=0,0,2,4,2,0
Aadd9||A2=-1,0,7,6,0,0
Aaug/D=-1,-1,0,2,2,1
Aaug/G=1,0,3,0,2,1
Ab||Abmaj=4,6,6,5,4,4
Ab #5||Abaug=-1,3,2,1,1,0
Ab/A=-1,-1,1,2,1,4
Ab/F=-1,8,10,8,9,8
Ab/F=-1,-1,1,1,1,1
Ab/Gb=-1,-1,1,1,1,2
Ab/Gb=-1,-1,4,5,4,4
Ab5||Ab(no,3rd)=4,6,6,-1,-1,4
Ab6=-1,8,10,8,9,8
Ab6=-1,-1,1,1,1,1
Ab7||Abdom,7=-1,-1,1,1,1,2
Ab7||Abdom,7=-1,-1,4,5,4,4
Abdim/E=0,2,0,1,0,0
Abdim/E=0,2,2,1,3,0
Abdim/E=-1,2,0,1,3,0
Abdim/E=-1,-1,0,1,0,0
Abdim/Eb=-1,-1,0,4,4,4
Abdim/F=-1,2,0,1,0,1
Abdim/F=-1,-1,0,1,0,1
Abdim/F=-1,-1,3,4,3,4
Abdim7=-1,2,0,1,0,1
Abdim7=-1,-1,0,1,0,1
Abdim7=-1,-1,3,4,3,4
Abm=-1,-1,6,4,4,4
Abm/D=-1,-1,0,4,4,4
Abm/E=0,2,1,1,0,0
Abm/E=0,-1,6,4,4,0
Abm/E=-1,-1,1,1,0,0
Abm/Gb=-1,-1,4,4,4,4
Abm7=-1,-1,4,4,4,4
Absus||Absus4=-1,-1,6,6,4,4
Absus2/F=-1,1,3,1,4,1
Adim/Ab=-1,-1,1,2,1,4
Adim/E=0,3,-1,2,4,0
Adim/F=-1,-1,1,2,1,1
Adim/F=-1,-1,3,5,4,5
Adim/G=-1,-1,1,2,1,3
Adim/Gb=-1,-1,1,2,1,2
Adim7=-1,-1,1,2,1,2
Am=-1,0,2,2,1,0
Am=-1,0,7,5,5,5
Am=-1,3,2,2,1,0
Am=8,12,-1,-1,-1,0
Am/B=0,0,7,5,0,0
Am/B=-1,3,2,2,0,0
Am/D=-1,-1,0,2,1,0
Am/D=-1,-1,0,5,5,5
Am/Eb=0,3,-1,2,4,0
Am/F=0,0,3,2,1,0
Am/F=1,3,3,2,1,0
Am/F=1,-1,2,2,1,0
Am/F=-1,-1,2,2,1,1
Am/F=-1,-1,3,2,1,0
Am/G=0,0,2,0,1,3
Am/G=-1,0,2,0,1,0
Am/G=-1,0,2,2,1,3
Am/G=-1,0,5,5,5,8
Am/Gb=-1,0,2,2,1,2
Am/Gb=-1,-1,2,2,1,2
Am6=-1,0,2,2,1,2
Am6=-1,-1,2,2,1,2
Am7=0,0,2,0,1,3
Am7=-1,0,2,0,1,0
Am7=-1,0,2,2,1,3
Am7=-1,0,5,5,5,8
Am7(b5)||Ao7=-1,-1,1,2,1,3
Am7/add11||Am7/11=-1,5,7,5,8,0
Amaj7||A#7=-1,0,2,1,2,0
Amin/maj9=-1,0,6,5,5,7
Asus||Asus4=0,0,2,2,3,0
Asus||Asus4=-1,0,2,2,3,0
Asus||Asus4=5,5,7,7,-1,0
Asus||Asus4=-1,0,0,2,3,0
Asus2||Aadd9(no3)=0,0,2,2,0,0
Asus2||Aadd9(no3)=0,0,2,4,0,0
Asus2||Aadd9(no3)=0,2,2,2,0,0
Asus2||Aadd9(no3)=-1,0,2,2,0,0
Asus2||Aadd9(no3)=-1,-1,2,2,0,0
Asus2/Ab=-1,0,2,1,0,0
Asus2/C=0,0,7,5,0,0
Asus2/C=-1,3,2,2,0,0
Asus2/D=0,2,0,2,0,0
Asus2/D=-1,2,0,2,3,0
Asus2/Db=0,0,2,4,2,0
Asus2/Db=-1,0,7,6,0,0
Asus2/Eb=-1,2,1,2,0,0
Asus2/F=0,0,3,2,0,0
Asus2/G=3,-1,2,2,0,0
Asus2/G=-1,0,2,0,0,0
Asus2/G=-1,0,5,4,5,0
Asus2/Gb=-1,0,4,4,0,0
Asus2/Gb=-1,2,4,2,5,2
Asus4/Ab=4,-1,0,2,3,0
Asus4/B=0,2,0,2,0,0
Asus4/Bb=0,1,-1,2,3,0
Asus4/C=-1,-1,0,2,1,0
Asus4/C=-1,-1,0,5,5,5
Asus4/Db=-1,0,0,2,2,0
Asus4/Db=-1,-1,0,2,2,0
Asus4/Db=-1,-1,0,6,5,5
Asus4/Db=-1,-1,0,9,10,9
Asus4/F=-1,-1,7,7,6,0
Asus4/G=-1,0,2,0,3,0
Asus4/G=-1,0,2,0,3,3
Asus4/G=-1,0,2,2,3,3
Asus4/G=-1,0,0,0,-1,0
Asus4/Gb=0,0,0,2,3,2
Asus4/Gb=0,0,4,2,3,0
Asus4/Gb=2,-1,0,2,3,0
Asus4/Gb=-1,0,2,2,3,2
Asus4/Gb=-1,-1,2,2,3,2
Asus4/Gb=-1,5,4,2,3,0
Asus4/Gb=-1,9,7,7,-1,0
B||Bmaj=-1,2,4,4,4,2
B #5||Baug=3,2,1,0,0,3
B #5||Baug=3,-1,1,0,0,3
B/A=2,-1,1,2,0,2
B/A=-1,0,1,2,0,2
B/A=-1,2,1,2,0,2
B/A=-1,2,4,2,4,2
B/Ab=-1,-1,4,4,4,4
B/E=-1,2,2,4,4,2
B/E=-1,-1,4,4,4,0
B5||B(no,3rd)=7,9,9,-1,-1,2
B5||B(no,3rd)=-1,2,4,4,-1,2
B6=-1,-1,4,4,4,4
B7||Bdom 7=2,-1,1,2,0,2
B7||Bdom 7=-1,0,1,2,0,2
B7||Bdom 7=-1,2,1,2,0,2
B7||Bdom 7=-1,2,4,2,4,2
B7/add11||B7/11=0,0,4,4,4,0
B7/add11||B7/11=0,2,1,2,0,2
B7sus4=-1,0,4,4,0,0
B7sus4=-1,2,4,2,5,2
Baug/E=3,-1,1,0,0,0
Baug/E=-1,-1,1,0,0,0
Bb||Bbmaj=1,1,3,3,3,1
Bb||Bbmaj=-1,1,3,3,3,1
Bb||Bbmaj=-1,-1,0,3,3,1
Bb #5||Bbaug=-1,-1,0,3,3,2
Bb b5=-1,-1,0,3,-1,0
Bb/A=1,1,3,2,3,1
Bb/Ab=-1,1,3,1,3,1
Bb/Ab=-1,-1,3,3,3,4
Bb/Db=-1,-1,0,6,6,6
Bb/E=-1,1,3,3,3,0
Bb/G=3,5,3,3,3,3
Bb/G=-1,-1,3,3,3,3
Bb5||Bb(no 3rd)=6,8,8,-1,-1,6
Bb5||Bb(no 3rd)=-1,1,3,3,-1,6
Bb6=3,5,3,3,3,3
Bb6=-1,-1,3,3,3,3
Bb6/add9||Bb6/9=-1,3,3,3,3,3
Bb7||Bbdom 7=-1,1,3,1,3,1
Bb7||Bbdom 7=-1,-1,3,3,3,4
Bb7sus4=-1,1,3,1,4,1
Bbadd#11=-1,1,3,3,3,0
Bbaug/E=2,-1,4,3,3,0
Bbdim/C=-1,3,-1,3,2,0
Bbdim/D=-1,-1,0,3,2,0
Bbdim/G=-1,1,2,0,2,0
Bbdim/G=-1,-1,2,3,2,3
Bbdim/Gb=2,4,2,3,2,2
Bbdim/Gb=-1,-1,4,3,2,0
Bbdim7=-1,1,2,0,2,0
Bbdim7=-1,-1,2,3,2,3
Bbm=1,1,3,3,2,1
Bbm/Ab=-1,1,3,1,2,1
Bbm/D=-1,-1,0,6,6,6
Bbm/Gb=-1,-1,3,3,2,2
Bbm7=-1,1,3,1,2,1
Bbmaj7||Bb#7=1,1,3,2,3,1
Bbmaj9||Bb9(#7)=-1,3,3,3,3,5
Bbsus2||Bbadd9(no3)=-1,-1,3,3,1,1
Bbsus2/G=-1,3,5,3,6,3
Bbsus4/Ab=-1,1,3,1,4,1
Bdim/A=1,2,3,2,3,1
Bdim/A=-1,2,0,2,0,1
Bdim/A=-1,-1,0,2,0,1
Bdim/Ab=-1,2,0,1,0,1
Bdim/Ab=-1,-1,0,1,0,1
Bdim/Ab=-1,-1,3,4,3,4
Bdim/G=1,-1,0,0,0,3
Bdim/G=3,2,0,0,0,1
Bdim/G=-1,-1,0,0,0,1
Bdim7=-1,2,0,1,0,1
Bdim7=-1,-1,0,1,0,1
Bdim7=-1,-1,3,4,3,4
Bm=2,2,4,4,3,2
Bm=-1,2,4,4,3,2
Bm=-1,-1,0,4,3,2
Bm/A=-1,0,4,4,3,2
Bm/A=-1,2,0,2,0,2
Bm/A=-1,2,0,2,3,2
Bm/A=-1,2,4,2,3,2
Bm/A=-1,-1,0,2,0,2
Bm/G=2,2,0,0,0,3
Bm/G=2,2,0,0,3,3
Bm/G=3,2,0,0,0,2
Bm/G=-1,-1,4,4,3,3
Bm7=-1,0,4,4,3,2
Bm7=-1,2,0,2,0,2
Bm7=-1,2,0,2,3,2
Bm7=-1,2,4,2,3,2
Bm7=-1,-1,0,2,0,2
Bm7(b5)||Bo7=1,2,3,2,3,1
Bm7(b5)||Bo7=-1,2,0,2,0,1
Bm7(b5)||Bo7=-1,-1,0,2,0,1
Bm7/add11||Bm7/11=0,0,2,4,3,2
Bm7/add11||Bm7/11=0,2,0,2,0,2
Bmaj7/#11=-1,2,3,3,4,2
Bsus||Bsus4=7,9,9,-1,-1,0
Bsus||Bsus4=-1,2,4,4,-1,0
Bsus2||Badd9(no3)=-1,4,4,4,-1,2
Bsus2||Badd9(no3)=-1,-1,4,4,2,2
Bsus2/E=-1,4,4,4,-1,0
Bsus4/A=-1,0,4,4,0,0
Bsus4/A=-1,2,4,2,5,2
Bsus4/Ab=0,2,2,1,0,2
Bsus4/Ab=0,-1,4,1,0,0
Bsus4/Ab=2,2,2,1,0,0
Bsus4/Db=-1,4,4,4,-1,0
Bsus4/Eb=-1,2,2,4,4,2
Bsus4/Eb=-1,-1,4,4,4,0
Bsus4/G=0,2,2,0,0,2
Bsus4/G=0,2,4,0,0,0
Bsus4/G=0,-1,4,0,0,0
Bsus4/G=2,2,2,0,0,0
C||Cmaj=0,3,2,0,1,0
C||Cmaj=0,3,5,5,5,3
C||Cmaj=3,3,2,0,1,0
C||Cmaj=3,-1,2,0,1,0
C||Cmaj=-1,3,2,0,1,0
C||Cmaj=-1,3,5,5,5,0
C #5||Caug=-1,3,2,1,1,0
C b5=-1,-1,4,5,-1,0
C/A=0,0,2,0,1,3
C/A=-1,0,2,0,1,0
C/A=-1,0,2,2,1,3
C/A=-1,0,5,5,5,8
C/B=0,3,2,0,0,0
C/B=-1,2,2,0,1,0
C/B=-1,3,5,4,5,3
C/Bb=-1,3,5,3,5,3
C/D=3,-1,0,0,1,0
C/D=-1,3,0,0,1,0
C/D=-1,3,2,0,3,0
C/D=-1,3,2,0,3,3
C/D=-1,-1,0,0,1,0
C/D=-1,-1,0,5,5,3
C/D=-1,5,5,5,-1,0
C/F=-1,3,3,0,1,0
C/F=-1,-1,3,0,1,0
C5||C(no 3rd)=-1,3,5,5,-1,3
C6=0,0,2,0,1,3
C6=-1,0,2,0,1,0
C6=-1,0,2,2,1,3
C6=-1,0,5,5,5,8
C6/add9||C6/9=-1,5,7,5,8,0
C7||Cdom 7=-1,3,5,3,5,3
C7sus4=-1,3,5,3,6,3
C9(b5)=0,3,-1,3,3,2
Cadd9||C2=3,-1,0,0,1,0
Cadd9||C2=-1,3,0,0,1,0
Cadd9||C2=-1,3,2,0,3,0
Cadd9||C2=-1,3,2,0,3,3
Cadd9||C2=-1,-1,0,0,1,0
Cadd9||C2=-1,-1,0,5,5,3
Cadd9||C2=-1,3,2,0,3,0
Cadd9||C2=-1,5,5,5,-1,0
Cdim/A=-1,-1,1,2,1,2
Cdim/Ab=-1,-1,1,1,1,2
Cdim/Ab=-1,-1,4,5,4,4
Cdim/D=-1,5,4,5,4,2
Cdim7=-1,-1,1,2,1,2
Cm=-1,3,5,5,4,3
Cm=-1,-1,5,5,4,3
Cm/A=-1,-1,1,2,1,3
Cm/Bb=-1,3,5,3,4,3
Cm6=-1,-1,1,2,1,3
Cm7=-1,3,5,3,4,3
Cmaj7||C#7=0,3,2,0,0,0
Cmaj7||C#7=-1,2,2,0,1,0
Cmaj7||C#7=-1,3,5,4,5,3
Cmaj9||C9(#7)=-1,3,0,0,0,0
Csus||Csus4=-1,3,3,0,1,1
Csus||Csus4=-1,-1,3,0,1,1
Csus2||Cadd9(no3)=-1,5,5,5,-1,3
Csus2||Cadd9(no3)=-1,3,0,0,3,3
Csus2||Cadd9(no3)=-1,3,5,5,3,3
Csus2/A=-1,5,7,5,8,3
Csus2/A=-1,-1,0,2,1,3
Csus2/B=3,3,0,0,0,3
Csus2/B=-1,3,0,0,0,3
Csus2/E=3,-1,0,0,1,0
Csus2/E=-1,3,0,0,1,0
Csus2/E=-1,3,2,0,3,0
Csus2/E=-1,3,2,0,3,3
Csus2/E=-1,-1,0,0,1,0
Csus2/E=-1,-1,0,5,5,3
Csus2/E=-1,5,5,5,-1,0
Csus2/F=3,3,0,0,1,1
Csus4/A=3,-1,3,2,1,1
Csus4/A=-1,-1,3,2,1,3
Csus4/B=-1,3,3,0,0,3
Csus4/Bb=-1,3,5,3,6,3
Csus4/D=3,3,0,0,1,1
Csus4/E=-1,3,3,0,1,0
Csus4/E=-1,-1,3,0,1,0
D||Dmaj=-1,5,4,2,3,2
D||Dmaj=-1,9,7,7,-1,2
D||Dmaj=2,0,0,2,3,2
D||Dmaj=-1,0,0,2,3,2
D||Dmaj=-1,0,4,2,3,2
D||Dmaj=-1,-1,0,2,3,2
D||Dmaj=-1,-1,0,7,7,5
D #5||Daug=-1,-1,0,3,3,2
D/B=-1,0,4,4,3,2
D/B=-1,2,0,2,0,2
D/B=-1,2,0,2,3,2
D/B=-1,2,4,2,3,2
D/B=-1,-1,0,2,0,2
D/C=-1,5,7,5,7,2
D/C=-1,0,0,2,1,2
D/C=-1,3,-1,2,3,2
D/C=-1,5,7,5,7,5
D/Db=-1,-1,0,14,14,14
D/Db=-1,-1,0,2,2,2
D/E=0,0,0,2,3,2
D/E=0,0,4,2,3,0
D/E=2,-1,0,2,3,0
D/E=-1,0,2,2,3,2
D/E=-1,-1,2,2,3,2
D/E=-1,5,4,2,3,0
D/E=-1,9,7,7,-1,0
D/G=5,-1,4,0,3,5
D/G=3,-1,0,2,3,2
D5||D(no 3rd)=5,5,7,7,-1,5
D5||D(no 3rd)=-1,0,0,2,3,5
D6=-1,0,4,4,3,2
D6=-1,2,0,2,0,2
D6=-1,2,0,2,3,2
D6=-1,2,4,2,3,2
D6=-1,-1,0,2,0,2
D6/add9||D6/9=0,0,2,4,3,2
D6/add9||D6/9=0,2,0,2,0,2
D7||Ddom 7=-1,5,7,5,7,2
D7||Ddom 7=-1,0,0,2,1,2
D7||Ddom 7=-1,3,-1,2,3,2
D7||Ddom 7=-1,5,7,5,7,5
D7sus4=-1,5,7,5,8,3
D7sus4=-1,-1,0,2,1,3
D9||Ddom 9=0,0,0,2,1,2
D9||Ddom 9=2,-1,0,2,1,0
D9||Ddom 9=-1,5,7,5,7,0
D9(#5)=0,3,-1,3,3,2
Dadd9||D2=0,0,0,2,3,2
Dadd9||D2=0,0,4,2,3,0
Dadd9||D2=2,-1,0,2,3,0
Dadd9||D2=-1,0,2,2,3,2
Dadd9||D2=-1,-1,2,2,3,2
Dadd9||D2=-1,5,4,2,3,0
Dadd9||D2=-1,9,7,7,-1,0
Daug/E=2,-1,4,3,3,0
Db||Dbmaj=4,4,6,6,6,4
Db||Dbmaj=-1,4,3,1,2,1
Db||Dbmaj=-1,4,6,6,6,4
Db||Dbmaj=-1,-1,3,1,2,1
Db||Dbmaj=-1,-1,6,6,6,4
Db #5||Dbaug=-1,0,3,2,2,1
Db #5||Dbaug=-1,0,-1,2,2,1
Db b5=-1,-1,3,0,2,1
Db/B=-1,4,3,4,0,4
Db/Bb=-1,1,3,1,2,1
Db/C=-1,3,3,1,2,1
Db/C=-1,4,6,5,6,4
Db5||Db(no 3rd)=-1,4,6,6,-1,4
Db6=-1,1,3,1,2,1
Db7||Dbdom 7=-1,4,3,4,0,4
Dbaug/D=-1,-1,0,2,2,1
Dbaug/G=1,0,3,0,2,1
Dbdim/A=3,-1,2,2,2,0
Dbdim/A=-1,0,2,0,2,0
Dbdim/A=-1,0,2,2,2,3
Dbdim/B=0,2,2,0,2,0
Dbdim/Bb=-1,1,2,0,2,0
Dbdim/Bb=-1,-1,2,3,2,3
Dbdim/D=3,-1,0,0,2,0
Dbdim/D=-1,-1,0,0,2,0
Dbdim7=-1,1,2,0,2,0
Dbdim7=-1,-1,2,3,2,3
Dbm=-1,4,6,6,5,4
Dbm=-1,-1,2,1,2,0
Dbm=-1,4,6,6,-1,0
Dbm/A=-1,0,2,1,2,0
Dbm/B=0,2,2,1,2,0
Dbm/B=-1,4,6,4,5,4
Dbm7=0,2,2,1,2,0
Dbm7=-1,4,6,4,5,4
Dbm7(b5)||Dbo7=0,2,2,0,2,0
Dbmaj7||Db#7=-1,3,3,1,2,1
Dbmaj7||Db#7=-1,4,6,5,6,4
Dbsus2||Dbadd9(no3)=-1,-1,6,6,4,4
Dbsus4/Bb=-1,-1,4,3,2,4
Ddim/B=-1,2,0,1,0,1
Ddim/B=-1,-1,0,1,0,1
Ddim/B=-1,-1,3,4,3,4
Ddim/Bb=-1,1,3,1,3,1
Ddim/Bb=-1,-1,3,3,3,4
Ddim/C=-1,-1,0,1,1,1
Ddim7=-1,2,0,1,0,1
Ddim7=-1,-1,0,1,0,1
Ddim7=-1,-1,3,4,3,4
Dm=-1,0,0,2,3,1
Dm/B=1,2,3,2,3,1
Dm/B=-1,2,0,2,0,1
Dm/B=-1,-1,0,2,0,1
Dm/Bb=1,1,3,2,3,1
Dm/C=-1,5,7,5,6,5
Dm/C=-1,-1,0,2,1,1
Dm/C=-1,-1,0,5,6,5
Dm/Db=-1,-1,0,2,2,1
Dm/E=-1,-1,7,7,6,0
Dm6=1,2,3,2,3,1
Dm6=-1,2,0,2,0,1
Dm6=-1,-1,0,2,0,1
Dm7=-1,5,7,5,6,5
Dm7=-1,-1,0,2,1,1
Dm7=-1,-1,0,5,6,5
Dm7(b5)||Do7=-1,-1,0,1,1,1
Dm7/add11||Dm7/11=3,-1,0,2,1,1
Dmaj7||D#7=-1,-1,0,14,14,14
Dmaj7||D#7=-1,-1,0,2,2,2
Dmin/maj7=-1,-1,0,2,2,1
Dsus||Dsus4=5,-1,0,0,3,5
Dsus||Dsus4=3,0,0,0,3,3
Dsus||Dsus4=-1,0,0,0,3,3
Dsus||Dsus4=-1,-1,0,2,3,3
Dsus2||Dadd9(no3)=5,5,7,7,-1,0
Dsus2||Dadd9(no3)=-1,0,0,2,3,0
Dsus2||Dadd9(no3)=0,0,2,2,3,0
Dsus2||Dadd9(no3)=-1,0,2,2,3,0
Dsus2||Dadd9(no3)=-1,-1,0,2,3,0
Dsus2/Ab=4,-1,0,2,3,0
Dsus2/B=0,2,0,2,0,0
Dsus2/B=-1,2,0,2,3,0
Dsus2/Bb=0,1,-1,2,3,0
Dsus2/C=-1,-1,0,2,1,0
Dsus2/C=-1,-1,0,5,5,5
Dsus2/Db=-1,0,0,2,2,0
Dsus2/Db=-1,-1,0,2,2,0
Dsus2/Db=-1,-1,0,6,5,5
Dsus2/Db=-1,-1,0,9,10,9
Dsus2/F=-1,-1,7,7,6,0
Dsus2/G=-1,0,2,0,3,0
Dsus2/G=-1,0,2,0,3,3
Dsus2/G=-1,0,2,2,3,3
Dsus2/G=5,-1,0,0,3,0
Dsus2/G=-1,0,0,0,-1,0
Dsus2/Gb=0,0,0,2,3,2
Dsus2/Gb=0,0,4,2,3,0
Dsus2/Gb=2,-1,0,2,3,0
Dsus2/Gb=-1,0,2,2,3,2
Dsus2/Gb=-1,-1,2,2,3,2
Dsus2/Gb=-1,5,4,2,3,0
Dsus2/Gb=-1,9,7,7,-1,0
Dsus4/B=3,0,0,0,0,3
Dsus4/B=3,2,0,2,0,3
Dsus4/C=-1,5,7,5,8,3
Dsus4/C=-1,-1,0,2,1,3
Dsus4/E=-1,0,2,0,3,0
Dsus4/E=-1,0,2,0,3,3
Dsus4/E=-1,0,2,2,3,3
Dsus4/E=5,-1,0,0,3,0
Dsus4/E=-1,0,0,0,-1,0
Dsus4/Gb=5,-1,4,0,3,5
Dsus4/Gb=3,-1,0,2,3,2
E||Emaj=0,2,2,1,0,0
E||Emaj=-1,7,6,4,5,0
E #5||Eaug=-1,3,2,1,1,0
E/A=-1,0,2,1,0,0
E/D=0,2,0,1,0,0
E/D=0,2,2,1,3,0
E/D=-1,2,0,1,3,0
E/D=-1,-1,0,1,0,0
E/Db=0,2,2,1,2,0
E/Db=-1,4,6,4,5,4
E/Eb=0,2,1,1,0,0
E/Eb=0,-1,6,4,4,0
E/Eb=-1,-1,1,1,0,0
E/Gb=0,2,2,1,0,2
E/Gb=0,-1,4,1,0,0
E/Gb=2,2,2,1,0,0
E11/b9=0,0,3,4,3,4
E5||E(no 3rd)=0,2,-1,-1,-1,0
E5||E(no 3rd)=-1,7,9,9,-1,0
E6=0,2,2,1,2,0
E6=-1,4,6,4,5,4
E7||Edom 7=0,2,0,1,0,0
E7||Edom 7=0,2,2,1,3,0
E7||Edom 7=-1,2,0,1,3,0
E7||Edom 7=-1,-1,0,1,0,0
E7/add11||E7/11=-1,0,0,1,0,0
E7/b9(b5)=0,1,3,1,3,1
E7sus4=0,2,0,2,0,0
E9||Edom 9=0,2,0,1,0,2
E9||Edom 9=2,2,0,1,0,0
Eadd9||E2=0,2,2,1,0,2
Eadd9||E2=0,-1,4,1,0,0
Eadd9||E2=2,2,2,1,0,0
Eb||Ebmaj=-1,1,1,3,4,3
Eb||Ebmaj=-1,-1,1,3,4,3
Eb||Ebmaj=-1,-1,5,3,4,3
Eb,#5||Ebaug=3,2,1,0,0,3
Eb,#5||Ebaug=3,-1,1,0,0,3
Eb/C=-1,3,5,3,4,3
Eb/D=-1,6,8,7,8,6
Eb/Db=-1,1,1,3,2,3
Eb/Db=-1,6,8,6,8,6
Eb/Db=-1,-1,1,3,2,3
Eb/E=-1,-1,5,3,4,0
Eb5||Eb(no 3rd)=-1,6,8,8,-1,6
Eb6=-1,3,5,3,4,3
Eb7||Ebdom 7=-1,1,1,3,2,3
Eb7||Ebdom 7=-1,6,8,6,8,6
Eb7||Ebdom 7=-1,-1,1,3,2,3
Ebaug/E=3,-1,1,0,0,0
Ebaug/E=-1,-1,1,0,0,0
Ebdim/B=2,-1,1,2,0,2
Ebdim/B=-1,0,1,2,0,2
Ebdim/B=-1,2,1,2,0,2
Ebdim/B=-1,2,4,2,4,2
Ebdim/C=-1,-1,1,2,1,2
Ebdim7=-1,-1,1,2,1,2
Ebm=-1,-1,4,3,4,2
Ebm/Db=-1,-1,1,3,2,2
Ebm7=-1,-1,1,3,2,2
Ebmaj7||Eb#7=-1,6,8,7,8,6
Ebsus2/Ab=-1,1,3,1,4,1
Ebsus4/F=-1,1,3,1,4,1
Edim/C=-1,3,5,3,5,3
Edim/D=3,-1,0,3,3,0
Edim/Db=-1,1,2,0,2,0
Edim/Db=-1,-1,2,3,2,3
Edim/Eb=-1,-1,5,3,4,0
Edim7=-1,1,2,0,2,0
Edim7=-1,-1,2,3,2,3
Em=0,2,2,0,0,0
Em=3,-1,2,0,0,0
Em=-1,2,5,-1,-1,0
Em/A=3,-1,2,2,0,0
Em/A=-1,0,2,0,0,0
Em/A=-1,0,5,4,5,0
Em/C=0,3,2,0,0,0
Em/C=-1,2,2,0,1,0
Em/C=-1,3,5,4,5,3
Em/D=0,2,0,0,0,0
Em/D=0,2,0,0,3,0
Em/D=0,2,2,0,3,0
Em/D=0,2,2,0,3,3
Em/D=-1,-1,0,12,12,12
Em/D=-1,-1,0,9,8,7
Em/D=-1,-1,2,4,3,3
Em/D=0,-1,0,0,0,0
Em/Db=0,2,2,0,2,0
Em/Eb=3,-1,1,0,0,0
Em/Eb=-1,-1,1,0,0,0
Em/Gb=0,2,2,0,0,2
Em/Gb=0,2,4,0,0,0
Em/Gb=0,-1,4,0,0,0
Em/Gb=2,2,2,0,0,0
Em6=0,2,2,0,2,0
Em7=0,2,0,0,0,0
Em7=0,2,0,0,3,0
Em7=0,2,2,0,3,0
Em7=0,2,2,0,3,3
Em7=-1,-1,0,0,0,0
Em7=-1,-1,0,12,12,12
Em7=-1,-1,0,9,8,7
Em7=-1,-1,2,4,3,3
Em7=0,-1,0,0,0,0
Em7(b5)||Eo7=3,-1,0,3,3,0
Em7/add11||Em7/11=0,0,0,0,0,0
Em7/add11||Em7/11=0,0,0,0,0,3
Em7/add11||Em7/11=3,-1,0,2,0,0
Em9=0,2,0,0,0,2
Em9=0,2,0,0,3,2
Em9=2,2,0,0,0,0
Emaj7||E#7=0,2,1,1,0,0
Emaj7||E#7=0,-1,6,4,4,0
Emaj7||E#7=-1,-1,1,1,0,0
Emaj9||E9(#7)=0,2,1,1,0,2
Emaj9||E9(#7)=4,-1,4,4,4,0
Emin/maj7=3,-1,1,0,0,0
Emin/maj7=-1,-1,1,0,0,0
Emin/maj9=0,6,4,0,0,0
Esus||Esus4=0,0,2,2,0,0
Esus||Esus4=0,0,2,4,0,0
Esus||Esus4=0,2,2,2,0,0
Esus||Esus4=-1,0,2,2,0,0
Esus||Esus4=-1,-1,2,2,0,0
Esus2||Eadd9(no3)=7,9,9,-1,-1,0
Esus2||Eadd9(no3)=-1,2,4,4,-1,0
Esus2/A=-1,0,4,4,0,0
Esus2/A=-1,2,4,2,5,2
Esus2/Ab=0,2,2,1,0,2
Esus2/Ab=0,-1,4,1,0,0
Esus2/Ab=2,2,2,1,0,0
Esus2/Db=-1,4,4,4,-1,0
Esus2/Eb=-1,2,2,4,4,2
Esus2/Eb=-1,-1,4,4,4,0
Esus2/G=0,2,2,0,0,2
Esus2/G=0,2,4,0,0,0
Esus2/G=0,-1,4,0,0,0
Esus2/G=2,2,2,0,0,0
Esus4/Ab=-1,0,2,1,0,0
Esus4/C=0,0,7,5,0,0
Esus4/C=-1,3,2,2,0,0
Esus4/D=0,2,0,2,0,0
Esus4/D=-1,2,0,2,3,0
Esus4/Db=0,0,2,4,2,0
Esus4/Db=-1,0,7,6,0,0
Esus4/Eb=-1,2,1,2,0,0
Esus4/F=0,0,3,2,0,0
Esus4/G=3,-1,2,2,0,0
Esus4/G=-1,0,2,0,0,0
Esus4/G=-1,0,5,4,5,0
Esus4/Gb=-1,0,4,4,0,0
Esus4/Gb=-1,2,4,2,5,2
F||Fmaj=1,3,3,2,1,1
F||Fmaj=-1,0,3,2,1,1
F||Fmaj=-1,3,3,2,1,1
F||Fmaj=-1,-1,3,2,1,1
F #5||Faug=-1,0,3,2,2,1
F #5||Faug=-1,0,-1,2,2,1
F/D=-1,5,7,5,6,5
F/D=-1,-1,0,2,1,1
F/D=-1,-1,0,5,6,5
F/E=0,0,3,2,1,0
F/E=1,3,3,2,1,0
F/E=1,-1,2,2,1,0
F/E=-1,-1,2,2,1,1
F/E=-1,-1,3,2,1,0
F/Eb=-1,-1,1,2,1,1
F/Eb=-1,-1,3,5,4,5
F/G=3,-1,3,2,1,1
F/G=-1,-1,3,2,1,3
F5||F(no 3rd)=1,3,3,-1,-1,1
F5||F(no 3rd)=-1,8,10,-1,-1,1
F6=-1,5,7,5,6,5
F6=-1,-1,0,2,1,1
F6=-1,-1,0,5,6,5
F6/add9||F6/9=3,-1,0,2,1,1
F7||Fdom 7=-1,-1,1,2,1,1
F7||Fdom 7=-1,-1,3,5,4,5
Fadd9||F2=3,-1,3,2,1,1
Fadd9||F2=-1,-1,3,2,1,3
Faug/D=-1,-1,0,2,2,1
Faug/G=1,0,3,0,2,1
Fdim/D=-1,2,0,1,0,1
Fdim/D=-1,-1,0,1,0,1
Fdim/D=-1,-1,3,4,3,4
Fdim/Db=-1,4,3,4,0,4
Fdim7=-1,2,0,1,0,1
Fdim7=-1,-1,0,1,0,1
Fdim7=-1,-1,3,4,3,4
Fm=-1,3,3,1,1,1
Fm=-1,-1,3,1,1,1
Fm/D=-1,-1,0,1,1,1
Fm/Db=-1,3,3,1,2,1
Fm/Db=-1,4,6,5,6,4
Fm/Eb=-1,8,10,8,9,8
Fm/Eb=-1,-1,1,1,1,1
Fm6=-1,-1,0,1,1,1
Fm7=-1,8,10,8,9,8
Fm7=-1,-1,1,1,1,1
Fmaj7||F#7=0,0,3,2,1,0
Fmaj7||F#7=1,3,3,2,1,0
Fmaj7||F#7=1,-1,2,2,1,0
Fmaj7||F#7=-1,-1,2,2,1,1
Fmaj7||F#7=-1,-1,3,2,1,0
Fmaj7/#11=0,2,3,2,1,0
Fmaj7/#11=1,3,3,2,0,0
Fmaj9||F9(#7)=0,0,3,0,1,3
Fsus||Fsus4=-1,-1,3,3,1,1
Fsus2||Fadd9(no3)=-1,3,3,0,1,1
Fsus2||Fadd9(no3)=-1,-1,3,0,1,1
Fsus2/A=3,-1,3,2,1,1
Fsus2/A=-1,-1,3,2,1,3
Fsus2/B=-1,3,3,0,0,3
Fsus2/Bb=-1,3,5,3,6,3
Fsus2/D=3,3,0,0,1,1
Fsus2/E=-1,3,3,0,1,0
Fsus2/E=-1,-1,3,0,1,0
Fsus4/G=-1,3,5,3,6,3
G||Gmaj=3,2,0,0,0,3
G||Gmaj=3,2,0,0,3,3
G||Gmaj=3,5,5,4,3,3
G||Gmaj=3,-1,0,0,0,3
G||Gmaj=-1,5,5,4,3,3
G||Gmaj=-1,-1,0,4,3,3
G||Gmaj=-1,-1,0,7,8,7
G #5||Gaug=3,2,1,0,0,3
G #5||Gaug=3,-1,1,0,0,3
G/A=3,0,0,0,0,3
G/A=3,2,0,2,0,3
G/C=3,3,0,0,0,3
G/C=-1,3,0,0,0,3
G/E=0,2,0,0,0,0
G/E=0,2,0,0,3,0
G/E=0,2,2,0,3,0
G/E=0,2,2,0,3,3
G/E=-1,-1,0,12,12,12
G/E=-1,-1,0,9,8,7
G/E=-1,-1,2,4,3,3
G/E=0,-1,0,0,0,0
G/F=1,-1,0,0,0,3
G/F=3,2,0,0,0,1
G/F=-1,-1,0,0,0,1
G/Gb=2,2,0,0,0,3
G/Gb=2,2,0,0,3,3
G/Gb=3,2,0,0,0,2
G/Gb=-1,-1,4,4,3,3
G5||G(no 3rd)=3,5,5,-1,-1,3
G5||G(no 3rd)=3,-1,0,0,3,3
G6=0,2,0,0,0,0
G6=0,2,0,0,3,0
G6=0,2,2,0,3,0
G6=0,2,2,0,3,3
G6=-1,-1,0,12,12,12
G6=-1,-1,0,9,8,7
G6=-1,-1,2,4,3,3
G6=0,-1,0,0,0,0
G6/add9||G6/9=0,0,0,0,0,0
G6/add9||G6/9=0,0,0,0,0,3
G6/add9||G6/9=3,-1,0,2,0,0
G7||Gdom 7=1,-1,0,0,0,3
G7||Gdom 7=3,2,0,0,0,1
G7||Gdom 7=-1,-1,0,0,0,1
G7/add11||G7/11=-1,3,0,0,0,1
G7sus4=3,3,0,0,1,1
G9||Gdom 9=-1,0,0,0,0,1
G9||Gdom 9=-1,2,3,2,3,3
Gadd9||G2=3,0,0,0,0,3
Gadd9||G2=3,2,0,2,0,3
Gaug/E=3,-1,1,0,0,0
Gaug/E=-1,-1,1,0,0,0
Gb||Gbmaj=2,4,4,3,2,2
Gb||Gbmaj=-1,4,4,3,2,2
Gb||Gbmaj=-1,-1,4,3,2,2
Gb #5||Gbaug=-1,-1,0,3,3,2
Gb/Ab=-1,-1,4,3,2,4
Gb/E=2,4,2,3,2,2
Gb/E=-1,-1,4,3,2,0
Gb/Eb=-1,-1,1,3,2,2
Gb/F=-1,-1,3,3,2,2
Gb6=-1,-1,1,3,2,2
Gb7||Gbdom,7=2,4,2,3,2,2
Gb7||Gbdom,7=-1,-1,4,3,2,0
Gb7(#5)=2,-1,4,3,3,0
Gb7/#9=-1,0,4,3,2,0
Gb7sus4=-1,4,4,4,-1,0
Gbadd9||Gb2=-1,-1,4,3,2,4
Gbaug/E=2,-1,4,3,3,0
Gbdim/D=-1,5,7,5,7,2
Gbdim/D=-1,0,0,2,1,2
Gbdim/D=-1,3,-1,2,3,2
Gbdim/D=-1,5,7,5,7,5
Gbdim/E=-1,0,2,2,1,2
Gbdim/E=-1,-1,2,2,1,2
Gbdim/Eb=-1,-1,1,2,1,2
Gbdim7=-1,-1,1,2,1,2
Gbm=2,4,4,2,2,2
Gbm=-1,4,4,2,2,2
Gbm=-1,-1,4,2,2,2
Gbm/D=-1,-1,0,14,14,14
Gbm/D=-1,-1,0,2,2,2
Gbm/E=0,0,2,2,2,2
Gbm/E=0,-1,4,2,2,0
Gbm/E=2,-1,2,2,2,0
Gbm/E=-1,0,4,2,2,0
Gbm/E=-1,-1,2,2,2,2
Gbm7=0,0,2,2,2,2
Gbm7=0,-1,4,2,2,0
Gbm7=2,-1,2,2,2,0
Gbm7=-1,0,4,2,2,0
Gbm7=-1,-1,2,2,2,2
Gbm7(b5)||Gbo7=-1,0,2,2,1,2
Gbm7(b5)||Gbo7=-1,-1,2,2,1,2
Gbm7/b9=0,0,2,0,2,2
Gbmaj7||Gb#7=-1,-1,3,3,2,2
Gbsus||Gbsus4=-1,4,4,4,2,2
Gbsus2/Bb=-1,-1,4,3,2,4
Gbsus4/E=-1,4,4,4,-1,0
Gdim/E=-1,1,2,0,2,0
Gdim/E=-1,-1,2,3,2,3
Gdim/Eb=-1,1,1,3,2,3
Gdim/Eb=-1,6,8,6,8,6
Gdim/Eb=-1,-1,1,3,2,3
Gdim7=-1,1,2,0,2,0
Gdim7=-1,-1,2,3,2,3
Gm=3,5,5,3,3,3
Gm=-1,-1,0,3,3,3
Gm/E=3,-1,0,3,3,0
Gm/Eb=-1,6,8,7,8,6
Gm/F=3,5,3,3,3,3
Gm/F=-1,-1,3,3,3,3
Gm13=0,0,3,3,3,3
Gm6=3,-1,0,3,3,0
Gm7=3,5,3,3,3,3
Gm7=-1,-1,3,3,3,3
Gm7/add11||Gm7/11=-1,3,3,3,3,3
Gm9=3,5,3,3,3,5
Gmaj7||G#7=2,2,0,0,0,3
Gmaj7||G#7=2,2,0,0,3,3
Gmaj7||G#7=3,2,0,0,0,2
Gmaj7||G#7=-1,-1,4,4,3,3
Gsus||Gsus4=-1,10,12,12,13,
Gsus||Gsus4=-1,3,0,0,3,3
Gsus||Gsus4=-1,3,5,5,3,3
Gsus||Gsus4=-1,5,5,5,3,3
Gsus2||Gadd9(no3)=5,-1,0,0,3,5
Gsus2||Gadd9(no3)=3,0,0,0,3,3
Gsus2||Gadd9(no3)=-1,0,0,0,3,3
Gsus2||Gadd9(no3)=-1,-1,0,2,3,3
Gsus2/B=3,0,0,0,0,3
Gsus2/B=3,2,0,2,0,3
Gsus2/C=-1,5,7,5,8,3
Gsus2/C=-1,-1,0,2,1,3
Gsus2/E=-1,0,2,0,3,0
Gsus2/E=-1,0,2,0,3,3
Gsus2/E=-1,0,2,2,3,3
Gsus2/E=5,0,0,0,3,0
Gsus2/Gb=5,-1,4,0,3,5
Gsus2/Gb=3,-1,0,2,3,2
Gsus4/A=-1,5,7,5,8,3
Gsus4/A=-1,-1,0,2,1,3
Gsus4/B=3,3,0,0,0,3
Gsus4/B=-1,3,0,0,0,3
Gsus4/E=3,-1,0,0,1,0
Gsus4/E=-1,3,0,0,1,0
Gsus4/E=-1,3,2,0,3,0
Gsus4/E=-1,3,2,0,3,3
Gsus4/E=-1,-1,0,0,1,0
Gsus4/E=-1,-1,0,5,5,3
Gsus4/E=-1,5,5,5,-1,0
Gsus4/F=3,3,0,0,1,1